0.7391304347826086
0.782608695652174
0.8260869565217391
0.6956521739130435
0.6956521739130435
0.6956521739130435
0.7391304347826086
0.7391304347826086
0.8260869565217391
0.6956521739130435
0.8260869565217391
0.9130434782608695
0.9130434782608695
0.8695652173913043
0.8260869565217391
0.8260869565217391
0.8260869565217391
0.782608695652174
0.782608695652174
0.8695652173913043
0.7391304347826086
0.782608695652174
0.8260869565217391
0.8695652173913043
0.8260869565217391
0.8695652173913043
0.6956521739130435
0.8260869565217391
0.8695652173913043
0.8260869565217391
0.782608695652174
0.8260869565217391
0.8695652173913043
0.782608695652174
0.5652173913043478
0.782608695652174
0.8260869565217391
0.8260869565217391
0.8260869565217391
0.8695652173913043
0.6956521739130435
0.6956521739130435
0.8260869565217391
0.6956521739130435
0.9130434782608695
0.782608695652174
0.8260869565217391
0.6956521739130435
0.9130434782608695
0.8260869565217391
0.7391304347826086
0.782608695652174
0.782608695652174
0.782608695652174
0.9130434782608695
0.782608695652174
0.782608695652174
0.9130434782608695
0.8260869565217391
0.7391304347826086
0.8695652173913043
0.8260869565217391
0.7391304347826086
0.8260869565217391
0.6956521739130435
0.782608695652174
0.8695652173913043
0.782608695652174
0.782608695652174
0.782608695652174
0.7391304347826086
0.9565217391304348
0.8260869565217391
0.782608695652174
0.8260869565217391
0.782608695652174
0.9130434782608695
0.7391304347826086
0.8260869565217391
0.782608695652174
0.8260869565217391
0.7391304347826086
0.8695652173913043
0.7391304347826086
0.9130434782608695
0.6521739130434783
0.7391304347826086
0.782608695652174
0.7391304347826086
0.782608695652174
0.7391304347826086
0.7391304347826086
0.6956521739130435
0.782608695652174
0.7391304347826086
0.7391304347826086
0.6521739130434783
0.782608695652174
0.8260869565217391
0.8260869565217391
0.8695652173913043
0.782608695652174
0.8695652173913043
0.782608695652174
0.8260869565217391
0.782608695652174
0.782608695652174
0.782608695652174
0.8695652173913043
0.6956521739130435
0.782608695652174
0.7391304347826086
0.8260869565217391
0.8695652173913043
0.782608695652174
0.9130434782608695
0.8260869565217391
0.782608695652174
0.782608695652174
0.7391304347826086
0.7391304347826086
0.8260869565217391
0.8695652173913043
0.7391304347826086
0.782608695652174
0.8695652173913043
0.782608695652174
0.7391304347826086
0.782608695652174
0.7391304347826086
0.8695652173913043
0.7391304347826086
0.8260869565217391
0.8695652173913043
0.7391304347826086
0.6521739130434783
0.782608695652174
0.8695652173913043
0.782608695652174
0.782608695652174
0.6956521739130435
0.782608695652174
0.8260869565217391
0.782608695652174
0.7391304347826086
0.8260869565217391
0.6086956521739131
0.8260869565217391
0.8695652173913043
0.6956521739130435
0.7391304347826086
0.6956521739130435
0.782608695652174
0.7391304347826086
0.782608695652174
0.7391304347826086
0.782608695652174
0.7391304347826086
0.6521739130434783
0.782608695652174
0.8695652173913043
0.6956521739130435
0.7391304347826086
0.8260869565217391
0.8695652173913043
0.782608695652174
0.8260869565217391
0.8260869565217391
0.8695652173913043
0.7391304347826086
0.8695652173913043
0.782608695652174
0.6521739130434783
0.782608695652174
0.8260869565217391
0.6521739130434783
0.782608695652174
0.6956521739130435
0.8260869565217391
0.8260869565217391
0.8260869565217391
0.7391304347826086
0.7391304347826086
0.782608695652174
0.8695652173913043
0.6521739130434783
0.782608695652174
0.6956521739130435
0.7391304347826086
0.6956521739130435
0.6956521739130435
0.8695652173913043
0.8260869565217391
0.782608695652174
0.7391304347826086
0.7391304347826086
0.8260869565217391
0.782608695652174
0.8260869565217391
0.8260869565217391
0.7391304347826086
0.782608695652174
0.782608695652174
0.8260869565217391
0.782608695652174
0.782608695652174
0.782608695652174
0.782608695652174
0.782608695652174
0.8260869565217391
0.782608695652174
0.7391304347826086
0.8260869565217391
0.782608695652174
0.782608695652174
0.8260869565217391
0.782608695652174
0.8260869565217391
0.9130434782608695
0.782608695652174
0.8260869565217391
0.782608695652174
0.8260869565217391
0.782608695652174
0.8260869565217391
0.8260869565217391
0.8260869565217391
0.782608695652174
0.8260869565217391
0.782608695652174
0.782608695652174
0.8695652173913043
0.782608695652174
0.7391304347826086
0.8260869565217391
0.7391304347826086
0.782608695652174
0.782608695652174
0.7391304347826086
0.782608695652174
0.782608695652174
0.782608695652174
0.8695652173913043
0.782608695652174
0.7391304347826086
0.8695652173913043
0.782608695652174
0.782608695652174
0.7391304347826086
0.782608695652174
0.8260869565217391
0.8695652173913043
0.8260869565217391
0.6956521739130435
0.782608695652174
0.782608695652174
0.8695652173913043
0.782608695652174
0.8260869565217391
0.7391304347826086
0.6956521739130435
0.7391304347826086
0.8695652173913043
0.782608695652174
0.8260869565217391
0.7391304347826086
0.6956521739130435
0.8260869565217391
0.782608695652174
0.8695652173913043
0.8695652173913043
0.6521739130434783
0.782608695652174
0.5652173913043478
0.6521739130434783
0.8260869565217391
0.6521739130434783
0.8695652173913043
0.8695652173913043
0.782608695652174
0.782608695652174
0.8695652173913043
0.782608695652174
0.782608695652174
0.7391304347826086
0.8695652173913043
0.8260869565217391
0.7391304347826086
0.782608695652174
0.782608695652174
0.6956521739130435
0.782608695652174
0.8260869565217391
0.9130434782608695
0.8260869565217391
0.7391304347826086
0.782608695652174
0.782608695652174
0.7391304347826086
0.8695652173913043
0.8695652173913043
0.782608695652174
0.8260869565217391
0.782608695652174
0.9130434782608695
0.7391304347826086
0.7391304347826086
0.8695652173913043
0.8260869565217391
0.6956521739130435
0.782608695652174
0.8260869565217391
0.8260869565217391
0.8260869565217391
0.782608695652174
0.782608695652174
0.6956521739130435
0.7391304347826086
0.8695652173913043
0.782608695652174
0.782608695652174
0.7391304347826086
0.8260869565217391
0.8260869565217391
0.7391304347826086
0.782608695652174
0.782608695652174
0.7391304347826086
0.6956521739130435
0.8260869565217391
0.8260869565217391
0.8260869565217391
0.782608695652174
0.6521739130434783
0.8260869565217391
0.782608695652174
0.8695652173913043
0.7391304347826086
0.7391304347826086
0.782608695652174
0.782608695652174
0.8695652173913043
0.8260869565217391
0.782608695652174
0.782608695652174
0.7391304347826086
0.9130434782608695
0.8695652173913043
0.8260869565217391
0.782608695652174
0.8260869565217391
0.7391304347826086
0.782608695652174
0.8260869565217391
0.782608695652174
0.8260869565217391
0.782608695652174
0.782608695652174
0.6956521739130435
0.8695652173913043
0.7391304347826086
0.8695652173913043
0.8695652173913043
0.8260869565217391
0.782608695652174
0.6956521739130435
0.8695652173913043
0.8695652173913043
0.8260869565217391
0.6956521739130435
0.8260869565217391
0.782608695652174
0.8695652173913043
0.8695652173913043
0.782608695652174
0.6521739130434783
0.782608695652174
0.8260869565217391
0.782608695652174
0.7391304347826086
0.7391304347826086
0.8260869565217391
0.8695652173913043
0.8695652173913043
0.6521739130434783
0.8260869565217391
0.782608695652174
0.782608695652174
0.8260869565217391
0.782608695652174
0.7391304347826086
0.6521739130434783
0.6521739130434783
0.782608695652174
0.9130434782608695
0.8695652173913043
0.7391304347826086
0.782608695652174
0.782608695652174
0.7391304347826086
0.8695652173913043
0.782608695652174
0.8260869565217391
0.782608695652174
0.8260869565217391
0.8695652173913043
0.8260869565217391
0.782608695652174
0.7391304347826086
0.8260869565217391
0.6956521739130435
0.6521739130434783
0.7391304347826086
0.8260869565217391
0.8260869565217391
0.8695652173913043
0.8260869565217391
0.8260869565217391
0.7391304347826086
0.6086956521739131
0.8260869565217391
0.782608695652174
0.8260869565217391
0.782608695652174
0.6956521739130435
0.8695652173913043
0.6086956521739131
0.782608695652174
0.782608695652174
0.8695652173913043
0.6956521739130435
0.782608695652174
0.8695652173913043
0.6521739130434783
0.7391304347826086
0.782608695652174
0.782608695652174
0.782608695652174
0.8260869565217391
0.9130434782608695
0.8260869565217391
0.782608695652174
0.782608695652174
0.7391304347826086
0.8260869565217391
0.7391304347826086
0.7391304347826086
0.8260869565217391
0.8260869565217391
0.782608695652174
0.7391304347826086
0.9130434782608695
0.782608695652174
0.8695652173913043
0.8695652173913043
0.6521739130434783
0.9130434782608695
0.8260869565217391
0.6521739130434783
0.782608695652174
0.6956521739130435
0.782608695652174
0.7391304347826086
0.8260869565217391
0.782608695652174
0.8260869565217391
0.8695652173913043
0.7391304347826086
0.6956521739130435
0.8260869565217391
0.782608695652174
0.8260869565217391
0.8260869565217391
0.8260869565217391
0.6956521739130435
0.6956521739130435
0.8260869565217391
0.6521739130434783
0.782608695652174
0.6956521739130435
0.6956521739130435
0.8260869565217391
0.8260869565217391
0.782608695652174
0.7391304347826086
0.6956521739130435
0.8695652173913043
0.782608695652174
0.8695652173913043
0.782608695652174
0.8260869565217391
0.6956521739130435
0.7391304347826086
0.782608695652174
0.782608695652174
0.8260869565217391
0.8260869565217391
0.782608695652174
0.6521739130434783
0.8695652173913043
