0.7058823529411765
0.7529411764705882
0.7529411764705882
0.7411764705882353
0.6823529411764706
0.6705882352941176
0.7647058823529411
0.6352941176470588
0.611764705882353
0.6352941176470588
0.6588235294117647
0.7294117647058823
0.7764705882352941
0.6941176470588235
0.7529411764705882
0.7058823529411765
0.6941176470588235
0.7647058823529411
0.7647058823529411
0.5529411764705883
0.6941176470588235
0.7058823529411765
0.7058823529411765
0.6588235294117647
0.7176470588235294
0.6705882352941176
0.6941176470588235
0.6470588235294118
0.6588235294117647
0.6823529411764706
0.6941176470588235
0.7294117647058823
0.7058823529411765
0.6705882352941176
0.7529411764705882
0.6235294117647059
0.6705882352941176
0.7647058823529411
0.6470588235294118
0.788235294117647
0.7529411764705882
0.7058823529411765
0.6823529411764706
0.6941176470588235
0.6823529411764706
0.7294117647058823
0.7764705882352941
0.6941176470588235
0.6705882352941176
0.6588235294117647
0.7647058823529411
0.7294117647058823
0.7176470588235294
0.6941176470588235
0.6823529411764706
0.6352941176470588
0.7294117647058823
0.6588235294117647
0.6588235294117647
0.6941176470588235
0.6823529411764706
0.6823529411764706
0.6705882352941176
0.7411764705882353
0.6470588235294118
0.7294117647058823
0.6588235294117647
0.7411764705882353
0.7058823529411765
0.6470588235294118
0.7176470588235294
0.6588235294117647
0.8
0.7176470588235294
0.6352941176470588
0.6941176470588235
0.6941176470588235
0.6823529411764706
0.7294117647058823
0.7176470588235294
0.6941176470588235
0.6588235294117647
0.6470588235294118
0.7176470588235294
0.6705882352941176
0.6352941176470588
0.7411764705882353
0.6823529411764706
0.7176470588235294
0.7058823529411765
0.5529411764705883
0.7294117647058823
0.6470588235294118
0.6705882352941176
0.7058823529411765
0.6705882352941176
0.7058823529411765
0.7529411764705882
0.6705882352941176
0.6823529411764706
0.7294117647058823
0.6470588235294118
0.6941176470588235
0.7058823529411765
0.611764705882353
0.7647058823529411
0.6470588235294118
0.6705882352941176
0.6941176470588235
0.6235294117647059
0.8117647058823529
0.6705882352941176
0.6941176470588235
0.611764705882353
0.6705882352941176
0.6941176470588235
0.8117647058823529
0.7647058823529411
0.6352941176470588
0.7764705882352941
0.788235294117647
0.6941176470588235
0.7529411764705882
0.611764705882353
0.6941176470588235
0.7058823529411765
0.6235294117647059
0.7411764705882353
0.6470588235294118
0.6705882352941176
0.7294117647058823
0.6705882352941176
0.6941176470588235
0.7294117647058823
0.6941176470588235
0.6705882352941176
0.6470588235294118
0.6588235294117647
0.6235294117647059
0.7176470588235294
0.7764705882352941
0.6823529411764706
0.7058823529411765
0.788235294117647
0.6823529411764706
0.8235294117647058
0.7294117647058823
0.6588235294117647
0.6470588235294118
0.6705882352941176
0.7647058823529411
0.7647058823529411
0.7058823529411765
0.6705882352941176
0.7058823529411765
0.6588235294117647
0.7294117647058823
0.7411764705882353
0.7764705882352941
0.7411764705882353
0.7058823529411765
0.7294117647058823
0.6941176470588235
0.6588235294117647
0.7058823529411765
0.6588235294117647
0.7058823529411765
0.6705882352941176
0.7529411764705882
0.7411764705882353
0.6588235294117647
0.6941176470588235
0.7647058823529411
0.8
0.6588235294117647
0.7058823529411765
0.7411764705882353
0.6941176470588235
0.7294117647058823
0.7294117647058823
0.7176470588235294
0.6941176470588235
0.7529411764705882
0.7176470588235294
0.788235294117647
0.7058823529411765
0.7529411764705882
0.7294117647058823
0.5882352941176471
0.6823529411764706
0.6823529411764706
0.6588235294117647
0.7411764705882353
0.6705882352941176
0.7058823529411765
0.5764705882352941
0.6941176470588235
0.6470588235294118
0.7058823529411765
0.7411764705882353
