0.9213514686211401
0.039778557801045424
0.9682469442595348
0.658348644999377
0.55409552965403
0.4216474793372935
0.6760212842585188
0.8411795700534156
0.18989299821099753
0.2668401748675482
0.16007240408923334
0.37287806168915383
0.5236173438198805
0.9977772565311412
0.9081530818245832
0.9104911487702085
0.9142710976520722
0.08998195215543653
0.9969222024663517
0.9999999999999996
0.45672450347284527
0.5532754940554531
0.999982100759501
0.9973198253806731
0.9200890319412054
0.5478711972494635
0.715455645526586
0.9993240869120251
0.9999993894231993
0.8802709907440741
0.9835632816676284
0.8954145977984282
0.845400357366339
0.9139617979594541
0.95623626201317
0.9999823679627211
0.9251269996493418
0.004125279064164493
0.999999322185138
0.8287116860026377
0.9999971247674526
0.24787008355067947
0.7071558547988143
0.8853216293154101
0.04774378152463421
0.058347188730441556
0.000613915794668742
0.003907246002131398
0.8779388667780127
0.5975893726377507
0.48099329191441775
0.32448256143053467
0.6710058019079068
0.9513277629420649
0.33766971865904627
0.9999999999999987
0.37818196277974037
0.9832446464916589
0.005293221177644714
0.10205063287004185
0.2950197448239901
0.14643540849917147
0.014520914754465698
0.7998606056661962
0.7244692208324175
0.8402971925856599
0.9999999999999996
0.7612843482245265
0.04772229718721514
0.7665451960549077
0.4439541609330503
0.00447238888897375
0.9999864540774175
0.9999592287899255
0.9999999999999996
0.014293462846165103
0.9999822176076858
0.6071442135714724
0.014448956694407102
0.9999991710907189
0.9907230828246716
0.047418002274197596
0.18652430535594403
0.8209204942031719
0.8121025543707945
0.5122193464832742
0.3020132940220297
0.07685122649841487
0.12019361236195679
0.9845468900427092
0.8781658467772283
0.9402856880735668
0.2188743218432713
0.26519227760817565
0.20908410596607727
0.12845233793293298
0.9999991832669066
0.9999999954153218
0.9992902253215044
0.4472006498919131
0.8464884361955952
0.9416165209737112
0.9897666058773517
0.9839754202451839
0.9999999999999987
0.40409581512464215
0.33727011720158884
0.6915962076645088
0.5601542926470836
0.12035034012111959
0.06009753159575738
0.8713975410330704
0.6191747810847402
0.31177433090409695
0.4311573148997954
0.5410181756937682
0.9922985126182434
0.9999828594494226
0.33351805229639214
0.8446224593681139
0.9424590619956442
0.8738742433778549
0.5106343892046585
0.5932243748002971
0.12688438127343918
0.9220969001135393
0.9748533746559431
0.8399504400802721
0.32152478783254473
