0.5681818181818182
0.6212121212121212
0.5984848484848485
0.48484848484848486
0.5757575757575758
0.5378787878787878
0.5984848484848485
0.5984848484848485
0.5378787878787878
0.5227272727272727
0.48484848484848486
0.5681818181818182
0.6060606060606061
0.5909090909090909
0.5984848484848485
0.5303030303030303
0.5
0.5454545454545454
0.49242424242424243
0.5606060606060606
0.5833333333333334
0.5984848484848485
0.6439393939393939
0.5606060606060606
0.49242424242424243
0.5454545454545454
0.5909090909090909
0.6060606060606061
0.5378787878787878
0.49242424242424243
0.5909090909090909
0.5833333333333334
0.5757575757575758
0.5
0.5757575757575758
0.5378787878787878
0.553030303030303
0.5378787878787878
0.5151515151515151
0.6136363636363636
0.553030303030303
0.5681818181818182
0.5227272727272727
0.6060606060606061
0.6136363636363636
0.49242424242424243
0.6287878787878788
0.5757575757575758
0.553030303030303
0.5454545454545454
0.5606060606060606
0.5681818181818182
0.5378787878787878
0.5909090909090909
0.5227272727272727
0.4772727272727273
0.5606060606060606
0.6287878787878788
0.5303030303030303
0.5606060606060606
0.5833333333333334
0.5075757575757576
0.4621212121212121
0.4772727272727273
0.6212121212121212
0.6060606060606061
0.5606060606060606
0.6287878787878788
0.5984848484848485
0.5909090909090909
0.5681818181818182
0.5757575757575758
0.553030303030303
0.5303030303030303
0.49242424242424243
0.6893939393939394
0.44696969696969696
0.6363636363636364
0.5984848484848485
0.6287878787878788
0.5681818181818182
0.5378787878787878
0.5909090909090909
0.5757575757575758
0.5681818181818182
0.5681818181818182
0.5075757575757576
0.5757575757575758
0.5378787878787878
0.553030303030303
0.5984848484848485
0.553030303030303
0.5303030303030303
0.5227272727272727
0.5151515151515151
0.6136363636363636
0.5833333333333334
0.6136363636363636
0.5757575757575758
0.5757575757575758
0.5606060606060606
0.5909090909090909
0.5833333333333334
0.5757575757575758
0.5681818181818182
0.5606060606060606
0.6136363636363636
0.5833333333333334
0.5378787878787878
0.6212121212121212
0.5984848484848485
0.5757575757575758
0.6060606060606061
0.5833333333333334
0.5681818181818182
0.5909090909090909
0.5303030303030303
0.5757575757575758
0.5
0.5378787878787878
0.5606060606060606
0.5984848484848485
0.6136363636363636
0.5757575757575758
0.5833333333333334
0.6515151515151515
0.6590909090909091
0.5303030303030303
0.5303030303030303
0.5075757575757576
0.5757575757575758
0.5909090909090909
0.6666666666666666
0.6136363636363636
0.5984848484848485
0.6439393939393939
0.6287878787878788
0.5681818181818182
0.6287878787878788
0.5757575757575758
0.6060606060606061
0.6287878787878788
0.5833333333333334
0.5075757575757576
0.6060606060606061
0.6287878787878788
0.5303030303030303
0.553030303030303
0.553030303030303
0.553030303030303
0.5075757575757576
0.5833333333333334
0.5378787878787878
0.5151515151515151
0.5151515151515151
0.5757575757575758
0.5681818181818182
0.5227272727272727
0.4772727272727273
0.6136363636363636
0.6287878787878788
0.553030303030303
0.5681818181818182
0.6136363636363636
0.553030303030303
0.5606060606060606
0.5303030303030303
0.5606060606060606
0.5378787878787878
0.5833333333333334
0.48484848484848486
0.6212121212121212
0.5984848484848485
0.5151515151515151
0.5378787878787878
0.5151515151515151
0.5909090909090909
0.5454545454545454
0.6439393939393939
0.5454545454545454
0.5909090909090909
0.6212121212121212
0.5303030303030303
0.49242424242424243
0.5378787878787878
0.5227272727272727
0.5833333333333334
0.6136363636363636
0.5075757575757576
0.5833333333333334
0.5681818181818182
0.6515151515151515
0.5303030303030303
0.5378787878787878
0.5681818181818182
0.5681818181818182
0.6212121212121212
0.6363636363636364
0.5606060606060606
0.5833333333333334
