0.6439393939393939
0.7045454545454546
0.6742424242424242
0.6060606060606061
0.6136363636363636
0.696969696969697
0.6212121212121212
0.6666666666666666
0.6590909090909091
0.5681818181818182
0.6439393939393939
0.5833333333333334
0.6363636363636364
0.6818181818181818
0.6439393939393939
0.6439393939393939
0.6818181818181818
0.6212121212121212
0.6287878787878788
0.6590909090909091
0.6742424242424242
0.5833333333333334
0.6136363636363636
0.6666666666666666
0.6439393939393939
0.5909090909090909
0.6136363636363636
0.6515151515151515
0.6515151515151515
0.6439393939393939
0.6666666666666666
0.5984848484848485
0.6515151515151515
0.6060606060606061
0.6515151515151515
0.6666666666666666
0.6136363636363636
0.6742424242424242
0.6515151515151515
0.6363636363636364
0.6439393939393939
0.6212121212121212
0.6363636363636364
0.6515151515151515
0.6363636363636364
0.6893939393939394
0.6818181818181818
0.6666666666666666
0.6742424242424242
0.6136363636363636
0.6363636363636364
0.6287878787878788
0.696969696969697
0.6590909090909091
0.6136363636363636
0.6439393939393939
0.6287878787878788
0.5909090909090909
0.6363636363636364
0.6590909090909091
0.6212121212121212
0.6590909090909091
0.6060606060606061
0.6287878787878788
0.6439393939393939
0.553030303030303
0.6515151515151515
0.5984848484848485
0.5984848484848485
0.6439393939393939
0.6287878787878788
0.696969696969697
0.6893939393939394
0.6515151515151515
0.6439393939393939
0.7121212121212122
0.6818181818181818
0.6439393939393939
0.5909090909090909
0.6818181818181818
0.6287878787878788
0.6439393939393939
0.6590909090909091
0.7121212121212122
0.5984848484848485
0.6590909090909091
0.6363636363636364
0.6136363636363636
0.6742424242424242
0.6515151515151515
0.5909090909090909
0.6363636363636364
0.6818181818181818
0.6287878787878788
0.5833333333333334
0.6590909090909091
0.6363636363636364
0.6666666666666666
0.5984848484848485
0.6666666666666666
0.696969696969697
0.5909090909090909
0.5757575757575758
0.6515151515151515
0.6287878787878788
0.6742424242424242
0.6818181818181818
0.6060606060606061
0.6515151515151515
0.6136363636363636
0.6666666666666666
0.6666666666666666
0.7196969696969697
0.6287878787878788
0.5681818181818182
0.6666666666666666
0.6818181818181818
0.6439393939393939
0.6287878787878788
0.7045454545454546
0.7045454545454546
0.6439393939393939
0.6287878787878788
0.6666666666666666
0.5833333333333334
0.6590909090909091
0.6439393939393939
0.5909090909090909
0.6287878787878788
0.6515151515151515
0.7575757575757576
0.696969696969697
0.6590909090909091
0.6742424242424242
0.6590909090909091
0.6060606060606061
0.6818181818181818
0.6515151515151515
0.6515151515151515
0.6136363636363636
0.6515151515151515
0.6287878787878788
0.6742424242424242
0.6742424242424242
0.6742424242424242
0.6590909090909091
0.6439393939393939
0.6136363636363636
0.6590909090909091
0.6666666666666666
0.6287878787878788
0.6515151515151515
0.6818181818181818
0.6060606060606061
0.6515151515151515
0.6515151515151515
0.7121212121212122
0.6212121212121212
0.696969696969697
0.6515151515151515
0.6136363636363636
0.6287878787878788
0.6742424242424242
0.6590909090909091
0.6666666666666666
0.6818181818181818
0.6818181818181818
0.6212121212121212
0.5984848484848485
0.6742424242424242
0.6590909090909091
0.6666666666666666
0.6287878787878788
0.5606060606060606
0.6212121212121212
0.6818181818181818
0.6590909090909091
0.6439393939393939
0.6439393939393939
0.6439393939393939
0.6742424242424242
0.6287878787878788
0.5757575757575758
0.6363636363636364
0.6590909090909091
0.6363636363636364
0.6287878787878788
0.6287878787878788
0.6060606060606061
0.6893939393939394
0.5681818181818182
0.6136363636363636
0.6212121212121212
0.7045454545454546
0.6439393939393939
0.6590909090909091
0.6515151515151515
0.6666666666666666
0.6515151515151515
0.6742424242424242
