0.5384615384615384
0.5769230769230769
0.5
0.5769230769230769
0.38461538461538464
0.6153846153846154
0.6538461538461539
0.5769230769230769
0.6923076923076923
0.6538461538461539
0.6923076923076923
0.5769230769230769
0.6538461538461539
0.5384615384615384
0.34615384615384615
0.5769230769230769
0.6923076923076923
0.5769230769230769
0.5769230769230769
0.5384615384615384
0.5
0.5384615384615384
0.5384615384615384
0.6538461538461539
0.5769230769230769
0.5769230769230769
0.4230769230769231
0.5
0.5384615384615384
0.6923076923076923
0.6153846153846154
0.6538461538461539
0.5384615384615384
0.5
0.5384615384615384
0.38461538461538464
0.5769230769230769
0.5384615384615384
0.6923076923076923
0.5
0.5
0.6538461538461539
0.6538461538461539
0.4230769230769231
0.6538461538461539
0.6153846153846154
0.6538461538461539
0.4230769230769231
0.5769230769230769
0.5769230769230769
0.6538461538461539
0.7307692307692307
0.46153846153846156
0.5
0.5769230769230769
0.5769230769230769
0.6923076923076923
0.6538461538461539
0.3076923076923077
0.8076923076923077
0.5
0.4230769230769231
0.5384615384615384
0.46153846153846156
0.6153846153846154
0.5769230769230769
0.6923076923076923
0.6923076923076923
0.6538461538461539
0.5384615384615384
0.5769230769230769
0.5769230769230769
0.5
0.5384615384615384
0.6538461538461539
0.5
0.5384615384615384
0.6153846153846154
0.46153846153846156
0.5384615384615384
0.5384615384615384
0.6538461538461539
0.5
0.6153846153846154
0.7307692307692307
0.5384615384615384
0.5769230769230769
0.6538461538461539
0.5
0.6538461538461539
0.5384615384615384
0.6923076923076923
0.7307692307692307
0.5384615384615384
0.5
0.6153846153846154
0.5
0.5769230769230769
0.4230769230769231
0.6153846153846154
