0.6419753086419753
0.654320987654321
0.7407407407407407
0.7283950617283951
0.7160493827160493
0.7037037037037037
0.6666666666666666
0.7407407407407407
0.691358024691358
0.6419753086419753
0.6790123456790124
0.6666666666666666
0.7283950617283951
0.7037037037037037
0.7530864197530864
0.7160493827160493
0.6419753086419753
0.691358024691358
0.6790123456790124
0.7530864197530864
0.6790123456790124
0.6296296296296297
0.691358024691358
0.654320987654321
0.7160493827160493
0.654320987654321
0.7283950617283951
0.654320987654321
0.6666666666666666
0.7530864197530864
0.8148148148148148
0.7037037037037037
0.6419753086419753
0.6790123456790124
0.7160493827160493
0.5802469135802469
0.7037037037037037
0.6419753086419753
0.7160493827160493
0.7160493827160493
0.7283950617283951
0.7037037037037037
0.7160493827160493
0.6172839506172839
0.5555555555555556
0.7530864197530864
0.7654320987654321
0.6666666666666666
0.7160493827160493
0.7037037037037037
0.7654320987654321
0.654320987654321
0.6296296296296297
0.691358024691358
0.7407407407407407
0.7283950617283951
0.6790123456790124
0.6790123456790124
0.7283950617283951
0.7283950617283951
0.691358024691358
0.654320987654321
0.6049382716049383
0.6790123456790124
0.7283950617283951
0.691358024691358
0.7037037037037037
0.6790123456790124
0.6666666666666666
0.691358024691358
0.7777777777777778
0.7160493827160493
0.7654320987654321
0.691358024691358
0.7407407407407407
0.7407407407407407
0.5925925925925926
0.7037037037037037
0.7037037037037037
0.7037037037037037
0.7160493827160493
0.7530864197530864
0.6790123456790124
0.654320987654321
0.6666666666666666
0.6790123456790124
0.7037037037037037
0.7407407407407407
0.7037037037037037
0.7283950617283951
0.6666666666666666
0.6296296296296297
0.6419753086419753
0.691358024691358
0.7160493827160493
0.7777777777777778
0.6172839506172839
0.691358024691358
0.6666666666666666
0.7037037037037037
0.6790123456790124
0.6790123456790124
0.6666666666666666
0.691358024691358
0.6296296296296297
0.691358024691358
0.8271604938271605
0.7283950617283951
0.7037037037037037
0.7283950617283951
0.6666666666666666
0.7160493827160493
0.7037037037037037
0.691358024691358
0.7407407407407407
0.691358024691358
0.7283950617283951
0.6790123456790124
0.691358024691358
0.7530864197530864
0.6790123456790124
0.7283950617283951
0.7037037037037037
0.8024691358024691
0.7407407407407407
0.7160493827160493
0.6419753086419753
0.6790123456790124
0.7530864197530864
0.7037037037037037
0.6790123456790124
0.654320987654321
0.6296296296296297
0.6419753086419753
0.7283950617283951
0.7407407407407407
0.7407407407407407
0.6666666666666666
0.6666666666666666
0.691358024691358
0.6419753086419753
0.7530864197530864
0.7407407407407407
0.6790123456790124
0.7407407407407407
0.7530864197530864
0.691358024691358
0.7037037037037037
0.6296296296296297
0.6666666666666666
0.7407407407407407
0.6419753086419753
0.654320987654321
0.7037037037037037
0.654320987654321
0.654320987654321
0.6790123456790124
0.7160493827160493
0.7530864197530864
0.6172839506172839
0.7777777777777778
0.7777777777777778
0.691358024691358
0.6296296296296297
0.691358024691358
0.6172839506172839
0.7283950617283951
0.691358024691358
0.654320987654321
0.7283950617283951
0.7160493827160493
0.6172839506172839
0.7283950617283951
0.691358024691358
0.6296296296296297
0.691358024691358
0.691358024691358
0.6419753086419753
0.7777777777777778
0.6790123456790124
0.6296296296296297
0.7407407407407407
0.654320987654321
0.6790123456790124
0.7037037037037037
0.7901234567901234
0.7283950617283951
0.6296296296296297
0.7037037037037037
0.7283950617283951
0.6790123456790124
0.7530864197530864
0.7037037037037037
0.6419753086419753
0.6666666666666666
0.6419753086419753
0.6666666666666666
0.6666666666666666
0.7283950617283951
0.6666666666666666
